0	0.011
1	0.008
2	0.005
3	0.005
4	0.010
5	0.011
6	0.040
7	0.058
8	0.065
9	0.071
10	0.069
11	0.058
12	0.050
13	0.040
14	0.045
15	0.042
16	0.046
17	0.053
18	0.054
19	0.049
20	0.052
21	0.068
22	0.058
23	0.035
0	0.011
1	0.008
2	0.005
3	0.005
4	0.010
5	0.011
6	0.040
7	0.058
8	0.065
9	0.071
10	0.069
11	0.058
12	0.050
13	0.040
14	0.045
15	0.042
16	0.046
17	0.053
18	0.054
19	0.049
20	0.052
21	0.068
22	0.058
23	0.035
0	0.007
1	0.009
2	0.007
3	0.005
4	0.006
5	0.013
6	0.026
7	0.049
8	0.066
9	0.074
10	0.086
11	0.077
12	0.063
13	0.053
14	0.055
15	0.051
16	0.048
17	0.051
18	0.048
19	0.041
20	0.049
21	0.055
22	0.036
23	0.025
0	0.011
1	0.012
2	0.008
3	0.010
4	0.012
5	0.018
6	0.045
7	0.065
8	0.073
9	0.099
10	0.080
11	0.055
12	0.049
13	0.038
14	0.034
15	0.039
16	0.044
17	0.050
18	0.047
19	0.048
20	0.052
21	0.041
22	0.043
23	0.025
0	0.013
1	0.006
2	0.002
3	0.004
4	0.004
5	0.021
6	0.033
7	0.059
8	0.072
9	0.054
10	0.057
11	0.053
12	0.039
13	0.037
14	0.035
15	0.049
16	0.039
17	0.046
18	0.062
19	0.047
20	0.085
21	0.084
22	0.051
23	0.047
0	0.015
1	0.010
2	0.006
3	0.004
4	0.006
5	0.013
6	0.040
7	0.057
8	0.056
9	0.051
10	0.064
11	0.052
12	0.040
13	0.038
14	0.030
15	0.035
16	0.038
17	0.044
18	0.046
19	0.052
20	0.066
21	0.091
22	0.080
23	0.065
0	0.009
1	0.011
2	0.012
3	0.006
4	0.007
5	0.016
6	0.041
7	0.063
8	0.082
9	0.088
10	0.076
11	0.065
12	0.045
13	0.037
14	0.038
15	0.042
16	0.033
17	0.061
18	0.065
19	0.055
20	0.047
21	0.037
22	0.035
23	0.032
0	0.013
1	0.007
2	0.006
3	0.004
4	0.012
5	0.014
6	0.052
7	0.063
8	0.081
9	0.088
10	0.074
11	0.058
12	0.045
13	0.038
14	0.033
15	0.026
16	0.034
17	0.048
18	0.044
19	0.042
20	0.042
21	0.065
22	0.056
23	0.055
0	0.083
1	0.019
2	0.011
3	0.028
4	0.026
5	0.014
6	0.027
7	0.050
8	0.061
9	0.055
10	0.048
11	0.046
12	0.037
13	0.023
14	0.023
15	0.029
16	0.044
17	0.033
18	0.037
19	0.028
20	0.026
21	0.030
22	0.082
23	0.140
0	0.015
1	0.010
2	0.006
3	0.005
4	0.011
5	0.014
6	0.038
7	0.084
8	0.086
9	0.077
10	0.065
11	0.049
12	0.033
13	0.032
14	0.028
15	0.039
16	0.044
17	0.058
18	0.059
19	0.057
20	0.054
21	0.052
22	0.047
23	0.035